4294967278,63
4294967278,62
4294967278,61
4294967278,60
4294967278,59
4294967278,58
4294967278,57
4294967278,56
4294967278,55
4294967278,54
4294967278,53
4294967278,52
4294967278,51
4294967278,50
4294967278,49
4294967278,48
4294967278,47
4294967278,46
4294967278,45
4294967278,44
4294967278,43
4294967278,42
4294967278,41
4294967278,40
4294967278,39
4294967278,38
4294967278,37
4294967278,36
4294967278,35
4294967278,33
4294967278,32
4294967278,31
4294967278,8
4294967279,129
4294967279,84
4294967279,83
4294967279,76
4294967279,75
4294967279,72
4294967294,75
257,4
257,3
257,2
257,1
4294967278,219
256,4
4294967278,213
256,3
256,2
256,1
4294967279,214
4294967279,356
4294967278,422
4294967278,421
255,6
255,5
255,4
255,3
255,2
255,1
4294967279,86
4294967279,351
4294967278,351
4294967278,405
4294967278,34
4294967279,306
4294967279,85
4294967279,78
4294967279,77
4294967279,73
4294967294,922
4294967294,384
4294967294,403
4294967294,169
4294967294,405
4294967294,180
254,5
254,4
254,3
254,2
254,1
253,4
253,3
253,2
253,1
4294967278,396
4294967278,300
4294967278,183
4294967294,392
4294967278,178
4294967278,334
252,6
252,5
252,4
252,3
252,2
252,1
4294967278,165
4294967278,164
4294967278,163
4294967279,384
4294967279,159
4294967278,379
4294967279,156
4294967279,155
4294967278,420
4294967279,292
4294967278,291
4294967294,478
4294967279,152
4294967278,323
4294967279,151
4294967279,150
4294967278,404
4294967294,954
4294967279,145
4294967279,144
4294967278,289
4294967278,288
4294967279,382
248,6
4294967294,89
4294967294,962
4294967279,374
248,5
4294967279,399
248,4
248,3
248,2
248,1
4294967278,268
4294967279,264
4294967278,362
4294967279,276
4294967294,955
4294967278,369
4294967279,360
4294967278,314
4294967278,419
4294967278,368
4294967279,371
4294967294,395
4294967294,414
4294967294,168
4294967294,397
4294967294,462
4294967279,403
244,6
244,5
4294967278,232
244,4
244,3
244,2
244,1
4294967278,229
4294967278,418
4294967279,225
4294967279,223
243,5
243,4
243,3
243,2
243,1
4294967278,214
4294967294,904
4294967294,906
4294967294,186
4294967294,960
4294967294,964
4294967294,966
4294967279,305
4294967279,398
242,4
242,3
242,2
242,1
4294967279,200
4294967278,198
4294967279,195
4294967278,194
240,5
4294967279,194
240,4
0,7
240,3
240,2
240,1
4294967278,344
239,4
239,3
239,2
239,1
4294967279,298
4294967294,424
4294967294,439
4294967294,0
4294967294,428
4294967279,297
4294967278,339
4294967279,388
4294967278,383
4294967279,343
4294967294,2
4294967279,295
4294967279,337
4294967279,294
4294967278,394
4294967294,28
4294967279,338
4294967294,44
4294967294,476
4294967278,333
4294967294,107
4294967294,91
4294967294,90
4294967294,87
4294967294,86
4294967294,85
4294967294,84
4294967294,950
4294967294,923
4294967294,418
4294967294,952
4294967294,29
4294967294,53
4294967294,393
4294967294,45
4294967294,953
4294967294,96
4294967294,94
4294967294,9
4294967294,8
4294967279,330
4294967278,417
4294967278,348
4294967294,474
4294967294,425
4294967294,12
4294967294,477
4294967294,18
4294967294,127
4294967294,14
4294967294,126
4294967294,20
4294967294,13
4294967294,11
4294967294,68
4294967278,132
4294967278,131
4294967278,130
4294967278,127
4294967278,126
4294967278,125
4294967278,124
4294967278,123
4294967278,122
4294967278,121
4294967278,120
4294967278,118
4294967278,115
4294967278,402
4294967278,113
4294967278,112
4294967278,111
4294967278,110
4294967278,109
4294967278,108
4294967278,107
4294967278,106
4294967278,104
4294967278,215
4294967278,100
4294967278,98
4294967278,96
4294967278,93
4294967278,90
4294967278,89
4294967278,82
4294967278,81
4294967278,79
4294967278,78
4294967278,77
4294967278,75
4294967278,74
4294967278,71
4294967278,299
4294967278,338
4294967278,68
4294967278,65
4294967278,64
4294967278,294
4294967278,293
4294967278,320
4294967278,377
4294967278,400
4294967278,260
4294967279,81
4294967279,347
4294967279,79
4294967279,74
4294967279,296
4294967279,69
4294967279,67
4294967279,66
4294967279,65
4294967279,64
4294967279,62
4294967279,59
4294967279,58
4294967279,57
4294967279,55
4294967279,54
4294967279,53
4294967279,52
4294967279,50
4294967279,48
4294967279,47
4294967279,365
4294967279,88
4294967279,157
4294967279,44
4294967279,43
4294967279,42
4294967279,41
4294967279,40
4294967279,364
4294967279,37
4294967279,36
4294967279,35
4294967279,34
4294967279,33
4294967279,32
4294967279,260
4294967279,26
4294967279,24
4294967279,23
4294967279,22
4294967279,20
4294967279,17
4294967279,16
4294967279,13
4294967279,12
4294967279,11
4294967279,10
4294967279,9
4294967279,8
4294967279,7
237,4
237,3
237,2
237,1
236,4
236,3
236,2
236,1
4294967278,319
4294967279,30
4294967279,420
4294967279,29
4294967279,321
4294967294,175
4294967278,375
4294967279,271
235,6
235,5
235,4
235,3
235,2
235,1
4294967279,19
4294967279,18
234,5
234,4
234,3
234,2
234,1
233,4
233,3
233,2
233,1
4294967278,259
4294967278,119
4294967278,249
4294967278,174
4294967279,251
232,6
232,5
232,4
232,3
232,2
232,1
4294967278,117
4294967278,116
4294967278,114
4294967279,239
4294967279,236
4294967278,105
4294967278,103
4294967278,94
4294967279,217
4294967278,316
4294967278,416
4294967278,101
4294967278,99
4294967278,356
4294967278,210
4294967278,209
4294967278,308
4294967294,911
4294967294,913
4294967278,86
4294967278,87
4294967279,201
228,6
4294967278,85
228,5
4294967279,82
4294967278,80
228,4
228,3
228,2
228,1
4294967279,419
4294967278,189
4294967294,183
4294967294,914
4294967294,160
4294967294,109
4294967279,70
4294967278,69
4294967279,68
4294967279,340
4294967278,67
4294967279,179
4294967278,324
4294967279,60
4294967279,329
4294967279,56
4294967278,166
4294967279,51
4294967279,418
4294967279,49
224,6
224,5
224,4
224,3
224,2
224,1
4294967278,153
4294967279,153
223,5
223,4
223,3
223,2
223,1
4294967279,31
4294967279,28
4294967279,21
4294967279,27
4294967279,25
4294967278,136
222,4
222,3
222,2
222,1
4294967278,273
4294967279,14
4294967279,15
4294967278,284
220,5
4294967278,267
220,4
220,3
220,2
220,1
4294967279,262
4294967294,473
4294967278,265
4294967279,6
4294967278,282
219,4
219,3
219,2
219,1
4294967278,262
4294967279,417
4294967279,5
4294967279,4
4294967294,115
4294967278,313
4294967279,254
4294967279,312
4294967278,256
4294967294,912
4294967279,372
4294967278,384
4294967294,396
4294967294,398
4294967294,419
4294967294,119
4294967294,463
4294967279,416
4294967279,346
4294967279,0
4294967279,253
4294967278,386
4294967294,120
4294967279,250
4294967294,518
4294967294,97
4294967294,80
4294967294,899
4294967294,387
4294967294,182
4294967294,173
4294967294,163
4294967294,905
4294967294,909
4294967294,907
4294967279,238
131,4
4294967278,129
4294967278,392
4294967278,128
